37144
39592
37392
48523
40216
47137
40212
44659
47484
46078
37135
45468
48634
34605
43792
39263
35279
46044
37371
35313
43314
33913
42321
47174
41045
39762
42035
40030
47797
44297
34428
45783
49026
33256
42377
33405
42871
44859
42135
48633
36030
46358
46468
46251
42780
45818
34448
39771
45677
34055
33127
45129
35668
44880
41859
35962
41250
48821
46969
45189
35144
41845
37724
35378
45950
40800
32833
36473
42156
44090
33589
40434
43515
35368
42219
48097
43101
34065
49091
42385
43482
36851
32798
45955
39191
41228
39938
33398
43784
33829
38123
46662
41965
44062
34419
44957
38051
47868
44960
47225
43170
37058
42688
37901
35080
41876
41097
47074
46102
41295
39871
42101
35116
47901
38299
39352
45284
45287
35566
34625
34648
40919
34815
38038
48459
45461
35020
39171
34979
43013
37647
44068
34233
38807
44602
47570
45804
43512
37338
40280
47694
46722
37575
39440
33246
48044
41933
36763
39485
42182
33648
33788
36487
44499
34422
47022
38471
39758
42346
37404
35003
46531
33260
44188
35421
48628
48328
35975
45128
41215
33403
37239
38639
40541
35256
46229
37633
37641
37741
45775
37619
33983
33981
35628
35099
35333
46211
48413
37012
44848
33970
47726
46523
44669
36280
40390
47762
34742
35849
38045
47649
49041
41331
46164
38463
41764
37603
34204
40058
39584
34467
41609
40736
35704
44418
47526
43571
40410
42922
35756
